.Random.seed <-
c(10403L, 10L, -412661915L, 1217485311L, 845329542L, -1848928240L, 
1274645171L, -1210627759L, 1365068032L, 1971751902L, -463120343L, 
1118293979L, 1956482282L, 823163532L, 1570325967L, 1863440773L, 
-767393220L, 1492842258L, -341672947L, 1206662983L, -1579862738L, 
1506976904L, 951505291L, 1418234217L, -144956616L, -1484829210L, 
-692627071L, 789556499L, -394499390L, -1699367564L, -1712487049L, 
1544187501L, 551641348L, -1799711702L, -257480299L, -760381905L, 
-202089674L, 444203872L, 15034787L, -1025942847L, -962325840L, 
685084110L, -75308743L, 1009327435L, 789272314L, 201234428L, 
-178898881L, 545571093L, -1631286740L, 2114123522L, -1811581987L, 
-378421545L, -895473218L, 13454328L, 1716953051L, 528634425L, 
-1241099384L, -134982858L, 805908849L, -1581036637L, 1364900594L, 
-1864967612L, -1554725625L, 1729707229L, -75335212L, 1036147962L, 
264184901L, -1912761185L, 217544230L, -1310133584L, 1681669971L, 
1923140209L, -1082312800L, -354902210L, 1475176009L, 888275707L, 
-2064334134L, 44246060L, 1105648687L, 1928541413L, 910294428L, 
-1561788430L, -1124492691L, 1295572903L, -104816178L, 1312573224L, 
518917419L, 1879146313L, -488283048L, 729882886L, 177495265L, 
-1163699085L, 309889250L, -196063148L, 1020802391L, 253142349L, 
-555345692L, -1915394870L, 1771440437L, 1412194191L, -1804632938L, 
1141060672L, 636929283L, 1362397473L, -372850160L, 1302972910L, 
224927129L, 1832397355L, -2119632102L, 1632297436L, 1019197407L, 
386985909L, 1307646284L, -217133150L, -1447434499L, -1034573833L, 
-725941986L, -1345664040L, -559641285L, 1193659097L, -1947802008L, 
-222906474L, -943488239L, 497716419L, -1688443694L, -931573404L, 
-843250521L, 1368115709L, 568435700L, -1081115430L, -1972441563L, 
-154229953L, 211710150L, 1806290256L, -1807813261L, 1963040657L, 
-68095552L, 1071739806L, -445780631L, 1687532955L, 1582864554L, 
1207977676L, 1575593871L, 793879493L, -1130723460L, 2141370322L, 
493705037L, 1368065543L, -283961874L, 885104840L, 177532875L, 
1044285993L, -1314736008L, 1048851878L, -387203135L, 657466451L, 
-829420798L, 735219252L, -1216803913L, -430400595L, -1401941820L, 
1593451754L, -773870763L, 781999343L, 1518891766L, 2040282656L, 
481854435L, -1481308031L, 1461786352L, -481856114L, -2036745479L, 
-1641219957L, -1886617414L, 633885628L, -1300182785L, 1968987221L, 
-789108884L, 2145605570L, -2071502819L, 1722982551L, -1130275330L, 
1326296504L, -945856101L, -1136662535L, -126685368L, -1935033738L, 
781939633L, 571764195L, 1212265138L, 1110855428L, -1186827193L, 
-780958947L, -276571756L, -2059821766L, -1183579771L, 1896272479L, 
1195209958L, 322258800L, -345945965L, -738867919L, 1780306912L, 
784285822L, -1085826295L, 1027013947L, 342954250L, 416596204L, 
-1470075537L, -1412549979L, -1364063140L, 736562226L, -1188000979L, 
-1681223193L, -114807538L, -1407188248L, 962677995L, -95353463L, 
-1385835240L, -1993287610L, 1854668961L, 1889339187L, -645261662L, 
948577684L, 305638423L, 116210701L, 1749784868L, -410094326L, 
1526551669L, -637681713L, -1110613802L, 1330428820L, 952206402L, 
-2102711040L, -1175801796L, -1422762672L, -1557957470L, -453506232L, 
984809228L, 917495516L, 2144847698L, -2042890624L, 350842964L, 
-599567384L, 1429408506L, 1834351952L, 1816266540L, 1042500468L, 
172467090L, 1158969952L, 631189388L, -459937952L, 1264004066L, 
766880680L, -453317428L, 1944377852L, 137306034L, 1100410352L, 
-2090930748L, 1296286040L, 35173754L, -1665577552L, -1051679812L, 
22591572L, -1457524798L, 1537738784L, 1848582332L, -952747440L, 
-1055655966L, 513199720L, 2006576716L, 1982929148L, 1508081650L, 
-1697737472L, 1232931700L, 1652672520L, 1602193850L, 5582288L, 
216343532L, 325999508L, -1805194286L, 1672335200L, 1332230476L, 
-1638018784L, 1035767682L, 341569256L, -1787139860L, -1983349188L, 
-1567763598L, -187566480L, -1257665500L, 1002929976L, 1418502298L, 
1720612560L, 145036476L, -1676543340L, -451491198L, -2086596416L, 
-1595734724L, -997730160L, 1434811938L, 299440648L, -1670892276L, 
-525663588L, 1562170898L, 335880576L, 1004478996L, -2110276056L, 
1342726458L, -214541360L, -23662996L, 746982196L, 261681810L, 
1225586016L, 411727180L, -1522543648L, 1355403170L, 426856360L, 
1844973452L, -1754420548L, -2031105166L, -814694160L, -832078780L, 
-1297375912L, 699617338L, 1379742576L, -646654916L, -588018924L, 
103488962L, 488426720L, 1983027068L, -423905584L, 1189468834L, 
934212648L, 463765772L, -1973912644L, 1079080242L, 1324230592L, 
621061684L, -1853269048L, 176035002L, -1152096368L, -1129747988L, 
61961300L, -116933998L, 68623136L, -1348402740L, 504097760L, 
544003778L, 452834856L, -1471885652L, 1128675004L, 1158423026L, 
589429040L, -1557690204L, 1903602360L, 352595802L, -1536148080L, 
-481686148L, 299970836L, -505635518L, -254565632L, 706472892L, 
62481232L, 1637356834L, 2001365320L, 1810844684L, 877661276L, 
1028895954L, -1246194688L, 442902356L, -731264536L, 1626577914L, 
1603472080L, 2133992748L, -631276300L, 1538401170L, 173739104L, 
1165203724L, -1040749856L, 1504875874L, 12375720L, 1596075596L, 
213529468L, 64552754L, 727982704L, 1745932612L, 782149592L, -1496845190L, 
2101991984L, 302296764L, 400965460L, 813960770L, -338083936L, 
1726332092L, -415518256L, -1509994142L, -1143724056L, -31917108L, 
831606524L, -1061403662L, 1482716288L, 1828192500L, 146612360L, 
1253921082L, 1806365520L, 1183285356L, 837639316L, 1054074194L, 
1503474400L, 175647948L, 1183341728L, -983409278L, 1283181800L, 
-18240276L, -494786500L, 1368083570L, -1644544912L, 33288740L, 
1529992760L, -1521282534L, 1089672400L, -12491204L, 1390076052L, 
1646505090L, -1520366656L, 1917251900L, 308227728L, -128318430L, 
-1702137848L, 1511158924L, 152732700L, 207843474L, -366697344L, 
483187732L, 1826035496L, -239515590L, 171768016L, 834107500L, 
2089537204L, -820188142L, 842912736L, -528374836L, -1817632288L, 
-1596397534L, 1532847400L, -212029172L, -2064145860L, 768112882L, 
339197168L, 426170180L, -287564712L, 1488090682L, -1039593232L, 
-1209092420L, -1999171052L, -239567678L, 689179232L, 1556118120L, 
-1371269551L, -2093028029L, 2131975236L, -644780302L, 1943688903L, 
-1453818735L, -1529564650L, 572940404L, -914668795L, -1215657649L, 
-2087838904L, -2059650330L, -2142147565L, 1508979573L, -505461934L, 
1879167904L, -16501111L, 734577339L, -2006337268L, -1723665254L, 
-681104881L, 757227097L, 451703534L, 963172732L, -544912915L, 
623998615L, 584380768L, 44180798L, -806152693L, -918793587L, 
1161105338L, 921181688L, 110967201L, 1096834899L, -1049211276L, 
-2099531774L, 26520215L, 711701601L, -425234266L, 935338148L, 
-2034935467L, -418018817L, -711225192L, 563903926L, -1330375101L, 
1921850245L, -1109966814L, 1435120400L, 1272200889L, 596628331L, 
-458716580L, -932067446L, -1314195585L, 363424457L, 1752736606L, 
-1445029876L, 2041817053L, -426478873L, 1107094288L, 1810833966L, 
-1750681381L, 2120345021L, -462474454L, -639984696L, 624220401L, 
-1213032861L, 1106748004L, -1212161646L, -614396313L, 1059163697L, 
1437471606L, -384726892L, -914450779L, 1229288367L, -536174488L, 
-77536186L, -1107701261L, -1555370667L, 406435634L, 1163205376L, 
-1868898327L, 925557339L, -1955898196L, -701979974L, -2111821713L, 
1384146425L, -849002354L, -309065380L, 1425924557L, -1745500873L, 
2130212800L, -859066210L, -207202965L, 615263469L, 806497626L, 
-1220837864L, -431326335L, 1834975539L, -1315557548L, -208369310L, 
-2094439945L, 2125673025L, -721942842L, -720779260L, -149125195L, 
449001631L, -1374362376L, -1513026346L, -1388384925L, -1345705691L, 
2128146114L, 476838832L, 188270553L, 2057548107L, 2065127356L, 
1146015722L, -916965345L, 1440898729L, 1385218622L, 719720236L, 
-1378944643L, 1838409671L, 1426288304L, 1824783566L, -635656709L, 
-1677328803L, 1330547082L, 1551126952L, 1871720209L, -1460662781L, 
-498145020L, 533200178L, -1522439289L, 1639152081L, -1459293354L, 
1483913524L, -1271756731L, -111865713L, -317456888L, -702193114L, 
-568974637L, 333182005L, -1401934958L, -1648780448L, -142121271L, 
2009258491L, -1512520244L, -426359718L, -1504577201L, 1119250457L, 
